GPA
mode: 2.0
median: 3.0
mean: 2.98844672657
missing: 221
std: 0.818249448564

Age
mode: 15.0
median: 17.0
mean: 16.9961089494
missing: 229
std: 1.45806682496

Days_missed
mode: 6.0
median: 18.0
mean: 18.0111386139
missing: 192
std: 9.62937084345

